session	run	stimActFirst	block	stimActBlock	trialNumber	stimOnset	yellowOnLeftSide	leftCanBePushed                	winAmtLeft	winAmtRight	winAmtYellow	winAmtBlue	winAmtPushable	winAmtPullable	RT	actUsrResp                	invalResp	yellowChosen	leftChosen	pushed	endOfMoveTime	decFBjitOnset                	FBOnset	yellowCorrect	pushCorrect	correctChoice	wonAmount                	totalAmount	ITIOnset
01	2	Stim	Act	1	2	0.037	0	0	23	77	77	23	77	23	2.772	r	0	1	0	1	3.919	3.919	7.261	1	1	1	77	77	8.469
01	2	Stim	Act	1	3	11.927	0	0	81	19	19	81	19	81	1.438	r	0	1	0	1	14.404	14.404	20.236	1	1	1	19	96	21.440
01	2	Stim	Act	1	4	26.497	1	1	31	69	31	69	31	69	1.487	l	0	1	1	1	29.070	29.070	31.536	1	1	1	31	127	32.743
01	2	Stim	Act	1	5	36.664	0	0	47	53	53	47	53	47	1.487	r	0	1	0	1	39.199	39.200	42.986	1	1	1	53	180	44.191
01	2	Stim	Act	1	6	46.849	1	0	16	84	16	84	84	16	1.730	r	0	0	0	1	49.633	49.633	54.295	1	0	0	0	180	55.497
01	2	Stim	Act	1	7	58.457	1	0	5	95	5	95	95	5	2.136	r	0	0	0	1	61.640	61.640	67.328	0	1	1	95	275	68.528
01	2	Stim	Act	1	8	73.004	0	0	55	45	45	55	45	55	1.699	r	0	1	0	1	75.754	75.754	77.928	1	1	1	45	320	79.130
01	2	Stim	Act	1	9	86.527	1	1	21	79	21	79	21	79	1.374	l	0	1	1	1	88.958	88.958	90.545	0	0	0	0	320	91.748
01	2	Stim	Act	1	10	95.865	1	0	79	21	79	21	21	79	1.500	l	0	1	1	0	98.481	98.482	103.728	0	1	0	0	320	104.935
01	2	Stim	Act	1	11	106.732	1	0	9	91	9	91	91	9	1.615	r	0	0	0	1	109.403	109.403	113.478	1	0	0	0	320	114.682
01	2	Stim	Act	1	12	119.891	1	1	84	16	84	16	84	16	2.604	r	0	0	0	0	123.555	123.555	125.586	1	1	0	0	320	126.791
01	2	Stim	Act	1	13	132.117	1	1	60	40	60	40	60	40	1.511	l	0	1	1	1	134.687	134.687	136.423	0	0	0	0	320	137.631
01	2	Stim	Act	1	14	141.457	0	0	7	93	93	7	93	7	1.736	r	0	1	0	1	144.258	144.258	150.822	0	0	0	0	320	152.028
01	2	Stim	Act	1	15	158.308	0	1	5	95	95	5	5	95	1.045	r	0	1	0	0	160.414	160.415	164.345	0	1	0	0	320	165.554
01	2	Stim	Act	1	16	172.082	1	1	58	42	58	42	58	42	2.149	r	0	0	0	0	175.293	175.293	177.178	0	0	1	42	362	178.386
01	2	Stim	Act	1	17	181.779	0	1	93	7	7	93	93	7	1.600	r	0	1	0	0	184.371	184.372	187.428	0	1	0	0	362	188.635
01	2	Stim	Act	1	18	195.315	0	1	53	47	47	53	53	47	2.345	r	0	1	0	0	198.729	198.729	203.828	1	0	1	47	409	205.030
01	2	Stim	Act	1	19	211.158	1	0	35	65	35	65	65	35	1.478	l	0	1	1	0	213.706	213.706	220.706	1	0	1	35	444	221.912
01	2	Stim	Act	1	20	225.082	1	0	49	51	49	51	51	49	1.501	l	0	1	1	0	227.656	227.657	230.560	1	0	1	49	493	231.764
01	2	Stim	Act	1	21	234.272	1	1	2	98	2	98	2	98	1.534	r	0	0	0	0	236.873	236.873	239.196	1	1	0	0	493	240.400
01	2	Stim	Act	1	22	246.335	1	0	67	33	67	33	33	67	2.803	l	0	1	1	0	250.212	250.212	251.220	1	0	1	67	560	252.420
01	2	Stim	Act	1	23	257.151	1	0	62	38	62	38	38	62	1.580	l	0	1	1	0	259.807	259.807	264.762	1	0	1	62	622	265.965
01	2	Stim	Act	1	24	269.699	0	0	45	55	55	45	55	45	1.338	r	0	1	0	1	272.115	272.116	278.386	1	1	1	55	677	279.594
01	2	Stim	Act	1	25	282.018	0	1	67	33	33	67	67	33	2.668	r	0	1	0	0	285.757	285.757	290.275	1	0	1	33	710	291.479
01	2	Stim	Act	1	26	297.014	1	0	26	74	26	74	74	26	1.130	l	0	1	1	0	299.226	299.226	302.861	0	1	0	0	710	304.069
01	2	Stim	Act	1	27	309.724	0	1	26	74	74	26	26	74	1.358	r	0	1	0	0	312.164	312.164	313.607	1	0	1	74	784	314.810
01	2	Stim	Act	1	28	319.098	1	0	72	28	72	28	28	72	2.445	l	0	1	1	0	322.624	322.625	328.603	1	0	1	72	856	329.806
01	2	Stim	Act	1	29	333.139	0	0	14	86	86	14	86	14	2.141	r	0	1	0	1	336.370	336.370	339.569	0	0	0	0	856	340.774
01	2	Stim	Act	1	30	343.017	1	0	88	12	88	12	12	88	1.019	l	0	1	1	0	345.144	345.144	350.538	0	1	0	0	856	351.740
01	2	Stim	Act	1	31	356.381	1	0	42	58	42	58	58	42	1.681	r	0	0	0	1	359.161	359.161	363.528	0	1	1	58	914	364.734
01	2	Stim	Act	1	32	366.841	1	0	98	2	98	2	2	98	2.030	r	0	0	0	1	369.774	369.774	375.311	1	0	0	0	914	376.512
01	2	Stim	Act	1	33	383.486	1	1	28	72	28	72	28	72	1.285	r	0	0	0	0	385.865	385.865	392.284	1	1	0	0	914	393.490
01	2	Stim	Act	1	34	395.044	1	0	69	31	69	31	31	69	1.543	l	0	1	1	0	397.680	397.680	401.901	1	0	1	69	983	403.103
01	2	Stim	Act	1	35	405.070	0	0	9	91	91	9	91	9	1.492	l	0	0	1	0	407.582	407.582	411.070	0	0	1	9	992	412.278
01	2	Stim	Act	1	36	418.095	1	0	51	49	51	49	49	51	1.449	l	0	1	1	0	420.639	420.639	425.450	0	1	0	0	992	426.659
01	2	Stim	Act	1	37	428.047	0	1	19	81	81	19	19	81	1.721	r	0	1	0	0	430.866	430.866	432.017	0	1	0	0	992	433.217
01	2	Stim	Act	1	38	436.039	1	1	65	35	65	35	65	35	1.773	l	0	1	1	1	438.930	438.930	441.546	1	1	1	65	1057	442.748
01	2	Stim	Act	1	39	444.411	0	1	62	38	38	62	62	38	1.102	l	0	0	1	1	446.625	446.626	453.334	1	0	0	0	1057	454.534
01	2	Stim	Act	1	40	461.897	1	0	23	77	23	77	77	23	2.315	l	0	1	1	0	465.318	465.318	471.445	0	1	0	0	1057	472.648
01	2	Stim	Act	1	41	479.882	0	1	60	40	40	60	60	40	1.989	r	0	1	0	0	482.980	482.980	485.745	1	0	1	40	1097	486.948
01	2	Stim	Act	1	42	493.809	1	1	12	88	12	88	12	88	1.280	r	0	0	0	0	496.191	496.191	497.486	1	1	0	0	1097	498.687
01	2	Stim	Act	1	43	505.082	1	1	14	86	14	86	14	86	2.239	r	0	0	0	0	508.429	508.429	515.289	1	1	0	0	1097	516.496
01	2	Stim	Stim	2	44	526.538	0	1	84	16	16	84	84	16	1.937	l	0	0	1	1	529.599	529.599	533.978	0	1	1	84	1181	535.185
01	2	Stim	Stim	2	45	538.956	0	0	28	72	72	28	72	28	1.598	l	0	0	1	0	541.666	541.666	547.649	1	1	0	0	1181	548.857
01	2	Stim	Stim	2	46	551.027	0	1	40	60	60	40	40	60	2.552	l	0	0	1	1	554.701	554.702	558.778	0	1	1	40	1221	559.980
01	2	Stim	Stim	2	47	562.424	0	0	23	77	77	23	77	23	1.641	l	0	0	1	0	565.181	565.182	569.401	0	0	1	23	1244	570.605
01	2	Stim	Stim	2	48	572.154	0	0	26	74	74	26	74	26	1.608	r	0	1	0	1	574.899	574.900	577.078	0	0	0	0	1244	578.285
01	2	Stim	Stim	2	49	585.734	0	1	98	2	2	98	98	2	2.497	l	0	0	1	1	589.364	589.364	594.467	1	0	0	0	1244	595.671
01	2	Stim	Stim	2	50	600.207	1	0	65	35	65	35	35	65	2.372	r	0	0	0	1	603.710	603.710	605.004	0	1	1	35	1279	606.204
01	2	Stim	Stim	2	51	608.751	0	0	7	93	93	7	93	7	1.676	r	0	1	0	1	611.558	611.558	614.320	0	0	0	0	1279	615.520
01	2	Stim	Stim	2	52	622.688	1	0	31	69	31	69	69	31	1.947	l	0	1	1	0	625.760	625.760	627.503	0	1	0	0	1279	628.712
01	2	Stim	Stim	2	53	630.385	0	1	81	19	19	81	81	19	1.707	l	0	0	1	1	633.237	633.238	639.801	1	0	0	0	1279	641.003
01	2	Stim	Stim	2	54	644.384	1	0	58	42	58	42	42	58	1.399	l	0	1	1	0	646.911	646.912	649.386	1	0	1	58	1337	650.589
01	2	Stim	Stim	2	55	655.384	0	0	45	55	55	45	55	45	1.434	r	0	1	0	1	657.951	657.951	663.787	0	0	0	0	1337	664.996
01	2	Stim	Stim	2	56	671.329	1	1	51	49	51	49	51	49	2.836	l	0	1	1	1	675.301	675.301	681.723	1	1	1	51	1388	682.928
01	2	Stim	Stim	2	57	687.064	1	0	47	53	47	53	53	47	1.050	l	0	1	1	0	689.247	689.247	692.881	0	1	0	0	1388	694.087
01	2	Stim	Stim	2	58	699.755	0	0	93	7	7	93	7	93	1.429	l	0	0	1	0	702.323	702.323	706.108	1	1	0	0	1388	707.314
01	2	Stim	Stim	2	59	711.541	1	1	5	95	5	95	5	95	1.561	r	0	0	0	0	714.237	714.237	717.578	1	1	0	0	1388	718.786
01	2	Stim	Stim	2	60	725.390	1	0	23	77	23	77	77	23	nan	nan	nan	nan	nan	nan	nan	728.398	732.911	1	0	nan	0	1388	734.113
01	2	Stim	Stim	2	61	735.978	0	1	91	9	9	91	91	9	1.382	l	0	0	1	1	738.512	738.512	744.645	1	0	0	0	1388	745.851
01	2	Stim	Stim	2	62	752.628	0	0	9	91	91	9	91	9	1.296	r	0	1	0	1	755.089	755.089	762.089	1	1	1	91	1479	763.293
01	2	Stim	Stim	2	63	769.358	1	1	49	51	49	51	49	51	1.491	l	0	1	1	1	772.001	772.001	775.493	0	0	0	0	1479	776.701
01	2	Stim	Stim	2	64	783.757	0	1	74	26	26	74	74	26	1.472	l	0	0	1	1	786.380	786.381	788.705	0	1	1	74	1553	789.911
01	2	Stim	Stim	2	65	795.762	1	0	62	38	62	38	38	62	1.206	r	0	0	0	1	798.127	798.127	804.839	1	0	0	0	1553	806.046
01	2	Stim	Stim	2	66	809.585	1	1	69	31	69	31	69	31	2.024	l	0	1	1	1	812.777	812.778	815.681	1	1	1	69	1622	816.889
01	2	Stim	Stim	2	67	824.246	0	0	65	35	35	65	35	65	1.041	r	0	1	0	1	826.438	826.439	828.028	0	0	0	0	1622	829.228
01	2	Stim	Stim	2	68	834.916	0	0	14	86	86	14	86	14	0.775	r	0	1	0	1	836.855	836.856	842.103	1	1	1	86	1708	843.306
01	2	Stim	Stim	2	69	847.996	1	1	88	12	88	12	88	12	1.638	r	0	0	0	0	850.785	850.785	852.229	0	0	1	12	1720	853.431
01	2	Stim	Stim	2	70	856.302	0	0	5	95	95	5	95	5	1.902	r	0	1	0	1	859.370	859.370	864.911	1	1	1	95	1815	866.116
01	2	Stim	Stim	2	71	868.455	1	0	79	21	79	21	21	79	1.937	l	0	1	1	0	871.548	871.548	872.553	1	0	1	79	1894	873.759
01	2	Stim	Stim	2	72	879.167	1	1	12	88	12	88	12	88	1.507	r	0	0	0	0	881.820	881.820	888.679	0	0	1	88	1982	889.886
01	2	Stim	Stim	2	73	893.881	1	0	42	58	42	58	58	42	2.247	r	0	0	0	1	897.312	897.312	898.467	0	1	1	58	2040	899.675
01	2	Stim	Stim	2	74	902.708	1	0	28	72	28	72	72	28	2.179	l	0	1	1	0	906.051	906.051	908.668	0	1	0	0	2040	909.871
01	2	Stim	Stim	2	75	914.994	0	0	19	81	81	19	81	19	1.681	r	0	1	0	1	917.848	917.849	922.670	0	0	0	0	2040	923.871
01	2	Stim	Stim	2	76	928.297	0	0	33	67	67	33	67	33	1.914	l	0	0	1	0	931.366	931.367	936.760	1	1	0	0	2040	937.964
01	2	Stim	Stim	2	77	944.485	1	0	38	62	38	62	62	38	2.085	r	0	0	0	1	947.752	947.752	950.961	0	1	1	62	2102	952.164
01	2	Stim	Stim	2	78	953.591	0	0	60	40	40	60	40	60	1.115	l	0	0	1	0	955.876	955.876	962.147	1	1	0	0	2102	963.347
01	2	Stim	Stim	2	79	969.560	0	0	55	45	45	55	45	55	1.551	l	0	0	1	0	972.303	972.303	977.262	0	0	1	55	2157	978.470
01	2	Stim	Stim	2	80	985.423	0	1	86	14	14	86	86	14	1.774	l	0	0	1	1	988.385	988.385	992.320	1	0	0	0	2157	993.522
01	2	Stim	Stim	2	81	996.760	1	0	53	47	53	47	47	53	1.891	r	0	0	0	1	999.845	999.845	1001.727	1	0	0	0	2157	1002.936
01	2	Stim	Stim	2	82	1004.944	0	0	16	84	84	16	84	16	1.250	r	0	1	0	1	1007.382	1007.382	1010.435	0	0	0	0	2157	1011.644
01	2	Stim	Stim	2	83	1014.411	0	1	79	21	21	79	79	21	1.616	l	0	0	1	1	1017.221	1017.221	1022.907	1	0	0	0	2157	1024.112
01	2	Stim	Stim	2	84	1029.443	0	1	2	98	98	2	2	98	0.931	r	0	1	0	0	1031.559	1031.559	1036.225	0	1	0	0	2157	1037.432
01	2	Stim	Stim	2	85	1041.102	1	1	33	67	33	67	33	67	1.330	r	0	0	0	0	1043.615	1043.616	1045.642	0	0	1	67	2224	1046.843


