session,run,stimActFirst,block,stimActBlock,trialNumber,stimOnset,yellowOnLeftSide,leftCanBePushed                ,winAmtLeft,winAmtRight,winAmtYellow,winAmtBlue,winAmtPushable,winAmtPullable,RT,actUsrResp                ,invalResp,yellowChosen,leftChosen,pushed,endOfMoveTime,decFBjitOnset                ,FBOnset,yellowCorrect,pushCorrect,correctChoice,wonAmount                ,totalAmount,ITIOnset
1,1,Act,Act,1,2,0.041,0,1,64,36,36,64,64,36,nan,nan,nan,nan,nan,nan,nan,3.05,9.184,1,0,nan,0,0,10.4
1,1,Act,Act,1,3,13.872,1,1,6,94,6,94,6,94,2.296,r,0,0,0,0,17.277,17.277,24.285,1,1,0,0,0,25.485
1,1,Act,Act,1,4,30.463,1,1,8,92,8,92,8,92,1.823,l,0,1,1,1,33.323,33.323,35.352,0,0,0,0,0,36.569
1,1,Act,Act,1,5,41.379,1,0,15,85,15,85,85,15,1.707,r,0,0,0,1,44.205,44.205,45.22,1,0,0,0,0,46.436
1,1,Act,Act,1,6,53.265,0,1,71,29,29,71,71,29,nan,nan,nan,nan,nan,nan,nan,56.271,60.204,1,0,nan,0,0,61.421
1,1,Act,Act,1,7,64.625,0,1,15,85,85,15,15,85,1.562,r,0,1,0,0,67.232,67.232,70.871,1,0,1,85,85,72.072
1,1,Act,Act,1,8,75.868,1,0,68,32,68,32,32,68,1.271,l,0,1,1,0,78.188,78.188,83.156,0,1,0,0,85,84.356
1,1,Act,Act,1,9,88.745,1,0,80,20,80,20,20,80,1.494,l,0,1,1,0,91.291,91.291,93.173,1,0,1,80,165,94.39
1,1,Act,Act,1,10,100.373,0,0,78,22,22,78,22,78,1.884,l,0,0,1,0,103.313,103.313,109.007,1,1,0,0,165,110.208
1,1,Act,Act,1,11,114.458,1,0,56,44,56,44,44,56,1.9,l,0,1,1,0,117.413,117.414,119.742,1,0,1,56,221,120.942
1,1,Act,Act,1,12,126.214,0,1,10,90,90,10,10,90,1.828,r,0,1,0,0,129.098,129.098,130.692,0,1,0,0,221,131.909
1,1,Act,Act,1,13,134.956,1,0,82,18,82,18,18,82,1.82,l,0,1,1,0,137.831,137.831,143.077,0,1,0,0,221,144.293
1,1,Act,Act,1,14,151.052,0,1,22,78,78,22,22,78,1.991,r,0,1,0,0,154.102,154.103,155.544,1,0,1,78,299,156.761
1,1,Act,Act,1,15,159.508,1,0,41,59,41,59,59,41,nan,nan,nan,nan,nan,nan,nan,162.512,166.295,1,0,nan,0,299,167.512
1,1,Act,Act,1,16,174.867,0,0,13,87,87,13,87,13,1.662,r,0,1,0,1,177.59,177.591,182.996,1,1,1,87,386,184.213
1,1,Act,Act,1,17,190.691,1,0,39,61,39,61,61,39,2.572,r,0,0,0,1,194.336,194.336,200.314,0,1,1,61,447,201.531
1,1,Act,Act,1,18,206.097,0,0,73,27,27,73,27,73,2.6,l,0,0,1,0,209.762,209.763,213.998,0,0,1,73,520,215.215
1,1,Act,Act,1,19,222.284,1,0,75,25,75,25,25,75,nan,nan,nan,nan,nan,nan,nan,225.299,228.649,0,1,nan,0,520,229.866
1,1,Act,Act,1,20,235.441,1,1,54,46,54,46,54,46,1.992,r,0,0,0,0,238.5,238.5,240.684,0,0,1,46,566,241.9
1,1,Act,Act,1,21,243.795,1,1,18,82,18,82,18,82,1.855,r,0,0,0,0,246.723,246.723,253.585,1,1,0,0,566,254.801
1,1,Act,Act,1,22,258.923,1,0,94,6,94,6,6,94,1.495,l,0,1,1,0,261.487,261.487,264.252,1,0,1,94,660,265.469
1,1,Act,Act,1,23,271.337,0,0,56,44,44,56,44,56,2.899,l,0,0,1,0,275.309,275.309,280.12,1,1,0,0,660,281.336
1,1,Act,Act,1,24,285.322,0,0,99,1,1,99,1,99,1.631,l,0,0,1,0,288.015,288.015,289.754,0,0,1,99,759,290.97
1,1,Act,Act,1,25,292.714,0,0,27,73,73,27,73,27,1.99,r,0,1,0,1,295.785,295.785,300.888,1,1,1,73,832,302.105
1,1,Act,Act,1,26,308.3,0,1,75,25,25,75,75,25,2.771,l,0,0,1,1,312.153,312.154,316.822,0,1,1,75,907,318.039
1,1,Act,Act,1,27,319.382,1,1,61,39,61,39,61,39,1.457,r,1,nan,0,nan,nan,320.839,327.406,1,1,0,0,907,328.623
1,1,Act,Act,1,28,334.965,1,1,46,54,46,54,46,54,1.242,r,0,0,0,0,337.288,337.288,340.491,1,1,0,0,907,341.691
1,1,Act,Act,1,29,346.829,0,1,97,3,3,97,97,3,1.811,l,0,0,1,1,349.725,349.726,352.641,0,1,1,97,1004,353.858
1,1,Act,Act,1,30,361.076,0,1,34,66,66,34,34,66,1.783,r,0,1,0,0,363.932,363.932,368.459,1,0,1,66,1070,369.676
1,1,Act,Act,1,31,375.127,1,1,64,36,64,36,64,36,1.516,l,0,1,1,1,377.738,377.738,379.044,0,0,0,0,1070,380.26
1,1,Act,Act,1,32,382.3,0,0,48,52,52,48,52,48,1.826,r,0,1,0,1,385.221,385.221,388.711,1,1,1,52,1122,389.928
1,1,Act,Act,1,33,392.282,1,0,13,87,13,87,87,13,1.429,r,0,0,0,1,394.81,394.81,398.895,1,0,0,0,1122,400.112
1,1,Act,Act,1,34,402.323,0,0,68,32,32,68,32,68,1.489,l,0,0,1,0,404.908,404.908,409.279,1,1,0,0,1122,410.496
1,1,Act,Act,1,35,415.203,0,0,8,92,92,8,92,8,1.309,r,0,1,0,1,417.611,417.611,418.763,1,1,1,92,1214,419.98
1,1,Act,Act,1,36,425.706,1,1,20,80,20,80,20,80,1.373,r,0,0,0,0,428.174,428.174,434.597,1,1,0,0,1214,435.814
1,1,Act,Act,1,37,438.776,0,1,90,10,10,90,90,10,2.088,r,0,1,0,0,441.955,441.955,448.665,1,0,1,10,1224,449.882
1,1,Act,Act,1,38,451.534,0,1,3,97,97,3,3,97,nan,nan,nan,nan,nan,nan,nan,454.549,457.016,1,0,nan,0,1224,458.216
1,1,Act,Act,1,39,460.72,0,1,66,34,34,66,66,34,1.496,l,0,0,1,1,463.314,463.314,469.583,1,0,0,0,1224,470.8
1,1,Act,Act,1,40,474.517,1,1,59,41,59,41,59,41,1.8,l,0,1,1,1,477.416,477.417,480.467,1,1,1,59,1283,481.667
1,1,Act,Act,1,41,483.133,0,1,1,99,99,1,1,99,2.601,r,0,1,0,0,486.825,486.825,489.451,1,0,1,99,1382,490.668
1,1,Act,Act,1,42,493.349,0,0,52,48,48,52,48,52,1.769,l,0,0,1,0,496.217,496.218,502.052,0,0,1,52,1434,503.269
1,1,Act,Act,1,43,509.936,1,1,71,29,71,29,71,29,nan,nan,nan,nan,nan,nan,nan,512.953,518.503,0,0,nan,0,1434,519.72
1,1,Act,Stim,2,44,529.754,1,1,56,44,56,44,56,44,nan,nan,nan,nan,nan,nan,nan,532.754,539.038,1,1,nan,0,1434,540.255
1,1,Act,Stim,2,45,545.006,1,1,27,73,27,73,27,73,1.299,r,0,0,0,0,547.406,547.407,550.172,1,1,0,0,1434,551.372
1,1,Act,Stim,2,46,555.961,0,1,68,32,32,68,68,32,1.662,r,0,1,0,0,558.724,558.724,565.74,1,0,1,32,1466,566.94
1,1,Act,Stim,2,47,574.174,1,1,6,94,6,94,6,94,2.066,l,0,1,1,1,577.278,577.279,580.191,1,1,1,6,1472,581.408
1,1,Act,Stim,2,48,587.036,1,0,48,52,48,52,52,48,2.922,l,0,1,1,0,591.068,591.068,592.809,1,0,1,48,1520,594.025
1,1,Act,Stim,2,49,600.972,1,1,94,6,94,6,94,6,1.337,l,0,1,1,1,603.425,603.425,605.309,0,0,0,0,1520,606.51
1,1,Act,Stim,2,50,610.637,1,1,73,27,73,27,73,27,nan,nan,nan,nan,nan,nan,nan,613.644,619.044,1,1,nan,0,1520,620.26
1,1,Act,Stim,2,51,622.357,0,1,82,18,18,82,82,18,1.97,r,0,1,0,0,625.436,625.436,632.011,0,1,0,0,1520,633.211
1,1,Act,Stim,2,52,636.652,1,0,90,10,90,10,10,90,nan,nan,nan,nan,nan,nan,nan,639.662,644.029,1,0,nan,0,1520,645.246
1,1,Act,Stim,2,53,646.62,0,0,32,68,68,32,68,32,nan,nan,nan,nan,nan,nan,nan,649.629,656.496,1,1,nan,0,1520,657.713
1,1,Act,Stim,2,54,660.563,1,1,87,13,87,13,87,13,1.7,l,0,1,1,1,663.392,663.392,668.931,1,1,1,87,1607,670.131
1,1,Act,Stim,2,55,677.111,1,0,39,61,39,61,61,39,nan,nan,nan,nan,nan,nan,nan,680.115,681.715,1,0,nan,0,1607,682.932
1,1,Act,Stim,2,56,690.18,0,1,48,52,52,48,48,52,2.019,r,0,1,0,0,693.31,693.31,699,1,0,1,52,1659,700.216
1,1,Act,Stim,2,57,703.367,0,0,97,3,3,97,3,97,2.233,l,0,0,1,0,706.717,706.717,711.234,0,0,1,97,1756,712.434
1,1,Act,Stim,2,58,715.435,0,1,80,20,20,80,80,20,1.832,r,0,1,0,0,718.384,718.384,723.351,1,0,1,20,1776,724.568
1,1,Act,Stim,2,59,730.068,1,1,99,1,99,1,99,1,1.8,l,0,1,1,1,732.989,732.989,738.102,0,0,0,0,1776,739.319
1,1,Act,Stim,2,60,740.999,1,0,41,59,41,59,59,41,2.554,r,0,0,0,1,744.687,744.687,748.036,1,0,0,0,1776,749.253
1,1,Act,Stim,2,61,752.824,0,0,66,34,34,66,34,66,nan,nan,nan,nan,nan,nan,nan,755.837,762.554,0,0,nan,0,1776,763.771
1,1,Act,Stim,2,62,770.328,1,0,1,99,1,99,99,1,nan,nan,nan,nan,nan,nan,nan,773.338,777.422,0,1,nan,0,1776,778.638
1,1,Act,Stim,2,63,783.856,0,1,90,10,10,90,90,10,nan,nan,nan,nan,nan,nan,nan,786.872,790.656,1,0,nan,0,1776,791.856
1,1,Act,Stim,2,64,795.894,1,0,25,75,25,75,75,25,nan,nan,nan,nan,nan,nan,nan,798.906,801.957,1,0,nan,0,1776,803.173
1,1,Act,Stim,2,65,809.126,1,1,66,34,66,34,66,34,1.214,l,0,1,1,1,811.465,811.465,816.724,0,0,0,0,1776,817.925
1,1,Act,Stim,2,66,823.299,1,0,15,85,15,85,85,15,2.76,r,0,0,0,1,827.204,827.204,831.875,0,1,1,85,1861,833.092
1,1,Act,Stim,2,67,837.426,0,0,87,13,13,87,13,87,nan,nan,nan,nan,nan,nan,nan,840.426,842.76,1,1,nan,0,1861,843.976
1,1,Act,Stim,2,68,848.444,0,0,41,59,59,41,59,41,1.099,r,0,1,0,1,850.677,850.678,852.71,0,0,0,0,1861,853.927
1,1,Act,Stim,2,69,858.806,0,1,15,85,85,15,15,85,3.005,r,0,1,0,0,862.939,862.94,868.778,1,0,1,85,1946,869.995
1,1,Act,Stim,2,70,875.827,0,0,25,75,75,25,75,25,1.284,r,0,1,0,1,878.253,878.254,881.746,0,0,0,0,1946,882.962
1,1,Act,Stim,2,71,884.79,0,0,71,29,29,71,29,71,1.09,l,0,0,1,0,887.01,887.01,890.646,0,0,1,71,2017,891.846
1,1,Act,Stim,2,72,896.894,1,1,92,8,92,8,92,8,nan,nan,nan,nan,nan,nan,nan,899.897,906.031,0,0,nan,0,2017,907.248
1,1,Act,Stim,2,73,908.802,0,0,39,61,61,39,61,39,2.695,l,0,0,1,0,912.633,912.633,913.931,1,1,0,0,2017,915.148
1,1,Act,Stim,2,74,917.542,0,1,92,8,8,92,92,8,2.089,r,0,1,0,0,920.689,920.689,921.849,1,0,1,8,2025,923.049
1,1,Act,Stim,2,75,929.141,1,1,82,18,82,18,82,18,1.842,l,0,1,1,1,932.129,932.129,933.133,0,0,0,0,2025,934.333
1,1,Act,Stim,2,76,936.298,1,1,78,22,78,22,78,22,nan,nan,nan,nan,nan,nan,nan,939.3,944.117,0,0,nan,0,2025,945.334
1,1,Act,Stim,2,77,948.659,0,0,3,97,97,3,97,3,1.742,r,0,1,0,1,951.56,951.56,957.551,0,0,0,0,2025,958.768
1,1,Act,Stim,2,78,961.369,0,0,46,54,54,46,54,46,nan,nan,nan,nan,nan,nan,nan,964.385,966.852,0,0,nan,0,2025,968.052
1,1,Act,Stim,2,79,971.795,0,1,29,71,71,29,29,71,1.741,r,0,1,0,0,974.674,974.674,978.603,1,0,1,71,2096,979.803
1,1,Act,Stim,2,80,986.509,0,0,78,22,22,78,22,78,nan,nan,nan,nan,nan,nan,nan,989.52,992.137,0,0,nan,0,2096,993.354
1,1,Act,Stim,2,81,997.26,0,0,20,80,80,20,80,20,1.693,r,0,1,0,1,1000.101,1000.101,1004.321,1,1,1,80,2176,1005.538
1,1,Act,Stim,2,82,1008.285,1,1,36,64,36,64,36,64,1.669,l,0,1,1,1,1011.107,1011.107,1017.522,1,1,1,36,2212,1018.739
1,1,Act,Stim,2,83,1021.054,0,0,56,44,44,56,44,56,2.318,r,0,1,0,1,1024.518,1024.518,1027.723,0,0,0,0,2212,1028.939
1,1,Act,Stim,2,84,1035.212,1,0,64,36,64,36,36,64,1.561,l,0,1,1,0,1037.923,1037.923,1039.373,0,1,0,0,2212,1040.574
1,1,Act,Stim,2,85,1046.959,1,0,46,54,46,54,54,46,nan,nan,nan,nan,nan,nan,nan,1049.974,1052.158,0,1,nan,0,2212,1053.374
