session	run	stimActFirst	block	stimActBlock	trialNumber	stimOnset	yellowOnLeftSide	leftCanBePushed                	winAmtLeft	winAmtRight	winAmtYellow	winAmtBlue	winAmtPushable	winAmtPullable	RT	actUsrResp                	invalResp	yellowChosen	leftChosen	pushed	endOfMoveTime	decFBjitOnset                	FBOnset	yellowCorrect	pushCorrect	correctChoice	wonAmount                	totalAmount	ITIOnset
01	2	Act	Stim	1	2	0.039	0	1	7	93	93	7	7	93	1.521	r	0	1	0	0	2.795	2.795	4.093	0	1	0	0	0	5.310
01	2	Act	Stim	1	3	10.248	1	1	67	33	67	33	67	33	2.296	r	0	0	0	0	13.673	13.673	16.578	1	1	0	0	0	17.794
01	2	Act	Stim	1	4	20.868	0	0	5	95	95	5	95	5	1.676	r	0	1	0	1	23.817	23.817	29.662	0	0	0	0	0	30.862
01	2	Act	Stim	1	5	32.515	1	0	9	91	9	91	91	9	2.281	l	0	1	1	0	35.867	35.867	42.429	0	1	0	0	0	43.646
01	2	Act	Stim	1	6	50.599	0	1	98	2	2	98	98	2	1.514	l	0	0	1	1	53.273	53.273	60.131	0	1	1	98	98	61.348
01	2	Act	Stim	1	7	68.611	0	0	26	74	74	26	74	26	1.186	l	0	0	1	0	70.957	70.957	74.315	0	0	1	26	124	75.532
01	2	Act	Stim	1	8	82.600	1	0	72	28	72	28	28	72	1.065	r	0	0	0	1	84.832	84.833	88.333	0	1	1	28	152	89.550
01	2	Act	Stim	1	9	92.046	1	0	98	2	98	2	2	98	1.253	r	0	0	0	1	94.394	94.394	99.650	0	1	1	2	154	100.850
01	2	Act	Stim	1	10	107.044	1	0	79	21	79	21	21	79	1.106	r	0	0	0	1	109.328	109.328	110.334	1	0	0	0	154	111.551
01	2	Act	Stim	1	11	112.843	1	1	47	53	47	53	47	53	1.042	r	0	0	0	0	115.043	115.044	117.068	1	1	0	0	154	118.285
01	2	Act	Stim	1	12	120.625	0	1	60	40	40	60	60	40	1.293	l	0	0	1	1	123.099	123.099	128.052	0	1	1	60	214	129.269
01	2	Act	Stim	1	13	135.625	1	1	53	47	53	47	53	47	1.027	r	0	0	0	0	137.834	137.834	141.920	1	1	0	0	214	143.136
01	2	Act	Stim	1	14	144.610	0	1	81	19	19	81	81	19	1.376	l	0	0	1	1	147.169	147.169	152.854	1	0	0	0	214	154.071
01	2	Act	Stim	1	15	159.705	1	0	5	95	5	95	95	5	1.216	r	0	0	0	1	162.108	162.108	164.572	0	1	1	95	309	165.788
01	2	Act	Stim	1	16	170.957	0	1	65	35	35	65	65	35	2.598	r	0	1	0	0	174.735	174.736	179.406	1	0	1	35	344	180.622
01	2	Act	Stim	1	17	185.228	1	1	31	69	31	69	31	69	1.161	r	0	0	0	0	187.578	187.578	191.957	1	1	0	0	344	193.174
01	2	Act	Stim	1	18	197.179	0	1	86	14	14	86	86	14	2.311	r	0	1	0	0	200.673	200.673	204.458	1	0	1	14	358	205.674
01	2	Act	Stim	1	19	207.625	0	0	9	91	91	9	91	9	2.633	l	0	0	1	0	211.358	211.359	215.875	1	1	0	0	358	217.092
01	2	Act	Stim	1	20	220.814	0	0	79	21	21	79	21	79	1.195	r	0	1	0	1	223.181	223.182	225.509	1	1	1	21	379	226.726
01	2	Act	Stim	1	21	232.766	1	0	28	72	28	72	72	28	1.160	l	0	1	1	0	235.096	235.097	238.744	0	1	0	0	379	239.960
01	2	Act	Stim	1	22	246.753	0	0	40	60	60	40	60	40	1.241	r	0	1	0	1	249.173	249.174	250.328	0	0	0	0	379	251.544
01	2	Act	Stim	1	23	253.724	0	1	49	51	51	49	49	51	1.070	r	0	1	0	0	255.969	255.969	262.978	1	0	1	51	430	264.195
01	2	Act	Stim	1	24	269.997	0	0	16	84	84	16	84	16	1.182	l	0	0	1	0	272.364	272.365	278.780	0	0	1	16	446	279.996
01	2	Act	Stim	1	25	282.847	0	1	77	23	23	77	77	23	1.683	l	0	0	1	1	285.750	285.750	288.364	1	0	0	0	446	289.564
01	2	Act	Stim	1	26	293.108	1	0	42	58	42	58	58	42	1.655	l	0	1	1	0	295.952	295.952	300.764	1	0	1	42	488	301.965
01	2	Act	Stim	1	27	308.669	0	1	51	49	49	51	51	49	2.063	l	0	0	1	1	311.931	311.931	314.116	1	0	0	0	488	315.316
01	2	Act	Stim	1	28	320.649	1	0	86	14	86	14	14	86	1.300	l	0	1	1	0	323.151	323.151	328.250	0	1	0	0	488	329.467
01	2	Act	Stim	1	29	332.132	1	1	45	55	45	55	45	55	1.451	l	0	1	1	1	334.779	334.779	336.517	1	1	1	45	533	337.734
01	2	Act	Stim	1	30	342.017	0	1	67	33	33	67	67	33	1.217	r	0	1	0	0	344.437	344.437	346.034	0	1	0	0	533	347.235
01	2	Act	Stim	1	31	352.114	0	0	88	12	12	88	12	88	1.238	r	0	1	0	1	354.555	354.555	357.752	0	0	0	0	533	358.969
01	2	Act	Stim	1	32	363.118	0	0	45	55	55	45	55	45	1.067	r	0	1	0	1	365.387	365.387	370.936	1	1	1	55	588	372.153
01	2	Act	Stim	1	33	378.700	1	1	58	42	58	42	58	42	1.519	l	0	1	1	1	381.436	381.436	385.671	0	0	0	0	588	386.887
01	2	Act	Stim	1	34	392.820	1	0	7	93	7	93	93	7	2.385	r	0	0	0	1	396.417	396.417	402.555	0	1	1	93	681	403.772
01	2	Act	Stim	1	35	407.220	0	1	84	16	16	84	84	16	2.402	r	0	1	0	0	410.821	410.821	417.106	0	1	0	0	681	418.323
01	2	Act	Stim	1	36	423.850	0	0	35	65	65	35	65	35	1.806	r	0	1	0	1	426.875	426.876	429.941	1	1	1	65	746	431.158
01	2	Act	Stim	1	37	433.257	0	0	31	69	69	31	69	31	1.333	r	0	1	0	1	435.791	435.791	437.674	0	0	0	0	746	438.891
01	2	Act	Stim	1	38	443.357	0	1	23	77	77	23	23	77	1.118	r	0	1	0	0	445.680	445.680	451.075	0	1	0	0	746	452.275
01	2	Act	Stim	1	39	453.964	1	0	62	38	62	38	38	62	1.345	l	0	1	1	0	456.523	456.524	462.510	0	1	0	0	746	463.726
01	2	Act	Stim	1	40	468.512	0	1	19	81	81	19	19	81	1.298	l	0	0	1	1	471.055	471.055	472.510	1	0	0	0	746	473.710
01	2	Act	Stim	1	41	476.991	0	1	62	38	38	62	62	38	2.103	l	0	0	1	1	480.331	480.331	484.261	1	0	0	0	746	485.478
01	2	Act	Stim	1	42	492.920	1	1	26	74	26	74	26	74	1.475	r	0	0	0	0	495.616	495.617	498.379	1	1	0	0	746	499.596
01	2	Act	Stim	1	43	503.489	1	1	88	12	88	12	88	12	1.806	l	0	1	1	1	506.509	506.510	513.230	0	0	0	0	746	514.446
01	2	Act	Act	2	44	524.489	0	0	5	95	95	5	95	5	1.358	r	0	1	0	1	527.083	527.083	528.231	1	1	1	95	841	529.431
01	2	Act	Act	2	45	531.519	1	0	98	2	98	2	2	98	0.861	l	0	1	1	0	533.606	533.607	539.148	0	1	0	0	841	540.349
01	2	Act	Act	2	46	545.425	0	1	28	72	72	28	28	72	1.190	r	0	1	0	0	547.845	547.846	550.899	0	1	0	0	841	552.099
01	2	Act	Act	2	47	557.761	0	0	55	45	45	55	45	55	1.688	l	0	0	1	0	560.673	560.673	564.900	0	0	1	55	896	566.117
01	2	Act	Act	2	48	572.083	0	0	51	49	49	51	49	51	1.367	l	0	0	1	0	574.696	574.696	579.369	0	0	1	51	947	580.584
01	2	Act	Act	2	49	584.651	0	0	26	74	74	26	74	26	1.317	r	0	1	0	1	587.223	587.223	589.835	1	1	1	74	1021	591.052
01	2	Act	Act	2	50	597.443	1	0	55	45	55	45	45	55	1.209	l	0	1	1	0	599.881	599.882	602.353	0	1	0	0	1021	603.569
01	2	Act	Act	2	51	606.729	1	1	60	40	60	40	60	40	1.724	l	0	1	1	1	609.702	609.702	610.704	1	1	1	60	1081	611.920
01	2	Act	Act	2	52	619.200	0	0	33	67	67	33	67	33	1.903	r	0	1	0	1	622.369	622.369	625.288	0	0	0	0	1081	626.504
01	2	Act	Act	2	53	630.410	0	1	79	21	21	79	79	21	1.528	l	0	0	1	1	633.191	633.192	637.705	0	1	1	79	1160	638.922
01	2	Act	Act	2	54	640.786	1	0	79	21	79	21	21	79	1.069	l	0	1	1	0	643.107	643.107	648.940	0	1	0	0	1160	650.156
01	2	Act	Act	2	55	653.205	0	1	67	33	33	67	67	33	1.335	l	0	0	1	1	655.809	655.810	658.574	1	0	0	0	1160	659.790
01	2	Act	Act	2	56	661.331	1	0	62	38	62	38	38	62	1.959	l	0	1	1	0	664.544	664.544	671.408	0	1	0	0	1160	672.624
01	2	Act	Act	2	57	677.025	1	0	40	60	40	60	60	40	2.349	l	0	1	1	0	680.623	680.624	686.309	0	1	0	0	1160	687.525
01	2	Act	Act	2	58	692.351	0	0	31	69	69	31	69	31	1.325	r	0	1	0	1	694.936	694.937	699.310	1	1	1	69	1229	700.527
01	2	Act	Act	2	59	706.378	1	1	26	74	26	74	26	74	1.432	r	0	0	0	0	709.062	709.062	715.628	1	1	0	0	1229	716.828
01	2	Act	Act	2	60	719.152	0	1	58	42	42	58	58	42	1.309	l	0	0	1	1	721.733	721.733	726.545	1	0	0	0	1229	727.746
01	2	Act	Act	2	61	732.282	1	1	53	47	53	47	53	47	1.163	l	0	1	1	1	734.716	734.716	736.162	0	0	0	0	1229	737.380
01	2	Act	Act	2	62	740.227	1	1	77	23	77	23	77	23	1.535	l	0	1	1	1	743.045	743.045	747.130	1	1	1	77	1306	748.346
01	2	Act	Act	2	63	753.004	1	1	9	91	9	91	9	91	1.093	r	0	0	0	0	755.349	755.349	760.597	1	1	0	0	1306	761.814
01	2	Act	Act	2	64	765.604	0	1	77	23	23	77	77	23	1.311	l	0	0	1	1	768.178	768.178	769.915	0	1	1	77	1383	771.132
01	2	Act	Act	2	65	776.068	1	1	81	19	81	19	81	19	1.180	l	0	1	1	1	778.529	778.530	785.249	0	0	0	0	1383	786.466
01	2	Act	Act	2	66	793.093	0	1	49	51	51	49	49	51	nan	nan	nan	nan	nan	nan	nan	796.100	799.300	1	0	nan	0	1383	800.517
01	2	Act	Act	2	67	801.947	1	0	91	9	91	9	9	91	1.153	l	1	nan	0	nan	nan	803.101	804.701	1	0	0	0	1383	805.917
01	2	Act	Act	2	68	810.103	1	1	14	86	14	86	14	86	1.215	r	0	0	0	0	812.579	812.579	818.568	0	0	1	86	1469	819.769
01	2	Act	Act	2	69	821.505	1	0	86	14	86	14	14	86	1.180	l	0	1	1	0	823.953	823.953	830.087	1	0	1	86	1555	831.302
01	2	Act	Act	2	70	834.817	1	0	7	93	7	93	93	7	1.069	r	0	0	0	1	837.176	837.176	843.453	1	0	0	0	1555	844.653
01	2	Act	Act	2	71	846.677	0	0	35	65	65	35	65	35	1.093	r	0	1	0	1	849.073	849.073	854.471	1	1	1	65	1620	855.688
01	2	Act	Act	2	72	863.188	1	1	19	81	19	81	19	81	1.284	r	0	0	0	0	865.752	865.752	869.539	0	0	1	81	1701	870.755
01	2	Act	Act	2	73	874.407	0	1	16	84	84	16	16	84	1.065	r	0	1	0	0	876.757	876.757	880.689	0	1	0	0	1701	881.906
01	2	Act	Act	2	74	887.466	0	1	65	35	35	65	65	35	1.473	l	0	0	1	1	890.240	890.240	893.740	1	0	0	0	1701	894.957
01	2	Act	Act	2	75	901.715	1	0	16	84	16	84	84	16	1.259	r	0	0	0	1	904.286	904.286	905.591	0	1	1	84	1785	906.808
01	2	Act	Act	2	76	913.100	1	0	2	98	2	98	98	2	0.958	r	0	0	0	1	915.355	915.356	918.709	1	0	0	0	1785	919.925
01	2	Act	Act	2	77	923.276	1	0	5	95	5	95	95	5	nan	nan	nan	nan	nan	nan	nan	926.276	928.609	1	0	nan	0	1785	929.826
01	2	Act	Act	2	78	932.444	1	0	31	69	31	69	69	31	1.232	r	0	0	0	1	935.002	935.002	936.893	0	1	1	69	1854	938.111
01	2	Act	Act	2	79	943.528	0	1	62	38	38	62	62	38	1.484	l	0	0	1	1	946.316	946.317	951.278	1	0	0	0	1854	952.478
01	2	Act	Act	2	80	957.763	1	0	88	12	88	12	12	88	0.931	l	1	nan	0	nan	nan	958.695	965.112	0	1	0	0	1854	966.329
01	2	Act	Act	2	81	972.522	1	1	93	7	93	7	93	7	1.023	l	0	1	1	1	974.868	974.868	977.046	1	1	1	93	1947	978.263
01	2	Act	Act	2	82	985.450	0	0	88	12	12	88	12	88	0.997	l	0	0	1	0	987.736	987.737	992.847	0	0	1	88	2035	994.064
01	2	Act	Act	2	83	1001.142	1	1	28	72	28	72	28	72	1.039	r	0	0	0	0	1003.461	1003.461	1007.098	0	0	1	72	2107	1008.315
01	2	Act	Act	2	84	1010.808	0	0	53	47	47	53	47	53	1.191	l	0	0	1	0	1013.291	1013.291	1020.299	1	1	0	0	2107	1021.499
01	2	Act	Act	2	85	1028.442	1	0	58	42	58	42	42	58	1.207	l	0	1	1	0	1030.952	1030.952	1032.984	1	0	1	58	2165	1034.184


